107 total tunnels
-1 by assign
107 by murtagh
c 7 0.7561682106072585
126 
c 23 0.6462915531135698
274 
c 46 0.6190060662755839
407 
c 60 0.6190060662755839
500 
c 80 0.6134924593792421
71 
c 89 0.6166366819782074
477 
c 100 0.6177617075662356
76 
c 109 0.6134924593792421
408 
c 118 0.6148974386667807
132 
c 119 0.6462915531135698
338 
c 120 0.6151471526545356
347 
c 122 0.6462915531135698
442 
c 128 0.6382722968906793
377 
c 141 0.6462915531135698
402 
c 147 0.6462915531135698
542 
c 148 0.6190060662755839
111 
c 152 0.6106705110711155
354 
c 154 0.6190060662755839
334 
c 155 0.6134924593792421
120 
c 156 0.7561682106072585
323 
c 157 0.6462915531135698
440 
c 158 0.6190060662755839
191 
c 159 0.6134924593792421
268 
c 160 0.6394959233279303
12 
c 161 0.6190060662755839
546 
c 162 0.6462915531135698
113 
c 163 0.6134924593792421
188 
c 165 0.6190060662755839
522 
c 166 0.6003887992295778
341 
c 167 0.6134924593792421
512 
c 168 0.6134924593792421
394 
c 169 0.6190060662755839
450 
c 170 0.6166366819782074
342 
c 171 0.6190060662755839
370 
c 172 0.6462915531135698
303 
c 173 0.6190060662755839
133 
c 174 0.7438803715151368
84 
c 175 0.6190060662755839
99 
