# Tunnel-lining atoms (atoms wihtin the 3.0 A distnace from individual tunnels)
== Tunnel cluster 1 ==
440 442 443 444 445 446 447 448 449 450 1015 1016 1017 1022 1023 1024 1025 1026 1027 1029 1376 1379 1381 1383 1397 1398 1399 1400 1401 1402 1403 1404 1405 1407 1409 1410 1411 1412 1413 1414 1415 1416 1417 1418 1419 1420 1421 1422 1431 1433 1439 1440 1441 1442 1443 1444 1445 1446 1447 1448 1449 1450 1451 1452 1453 1460 1535 1752 1753 1758 1759 1760 1770 1771 1777 1778 1779 1780 1781 1782 1783 1784 1785 1786 1787 1788 1789 1790 1791 1792 1793 1794 1795 1796 1797 1798 1799 1800 1801 1802 1803 1804 1818 2484 2485 2486 2487 2595 2703 2746 2767 
== Tunnel cluster 2 ==
440 442 443 444 445 446 447 448 449 450 756 1015 1016 1017 1022 1023 1024 1025 1026 1027 1029 1376 1379 1381 1383 1397 1398 1399 1400 1401 1402 1403 1404 1405 1407 1409 1410 1411 1412 1413 1414 1415 1416 1417 1419 1420 1421 1422 1431 1433 1439 1440 1441 1442 1443 1444 1445 1446 1447 1448 1449 1450 1451 1452 1453 1454 1455 1456 1461 1463 1464 1467 1489 1535 1751 1752 1753 1754 1755 1757 1758 1759 1760 1761 1762 1763 1764 1765 1766 1768 1769 1770 1777 1778 1779 1780 1781 1782 1783 1784 1785 1786 1787 1788 1789 1790 1791 1792 1793 1794 1795 1800 1802 1803 1818 2484 2485 2486 2487 2515 2603 2634 2671 2714 2758 
== Tunnel cluster 3 ==
440 442 443 444 445 446 447 448 449 450 451 452 453 454 455 456 457 1015 1016 1017 1022 1023 1024 1025 1026 1027 1029 1381 1398 1399 1401 1402 1403 1404 1405 1406 1407 1408 1409 1411 1432 1433 1434 1435 1436 1437 1438 1439 1440 1441 1442 1443 1444 1445 1446 1466 1483 1484 1485 1486 1487 1488 1489 1490 1491 1492 1493 1494 1501 1502 1503 1504 1505 1506 1507 1508 1509 1511 1517 1518 1519 1520 1521 1522 1523 1524 1526 1527 1528 1529 1530 1531 1532 1533 1534 1535 1536 1537 1542 1543 1562 1563 1564 1752 1753 1755 1770 1777 1778 1779 1780 1781 1782 1783 1784 1785 1786 1787 1788 1789 1790 1791 1792 1793 1794 1795 1818 2312 2313 2314 2484 2485 2486 2487 2510 2513 2546 2585 2626 2701 2783 2803 
== Tunnel cluster 4 ==
440 442 443 444 445 446 447 448 449 450 1015 1016 1017 1022 1023 1024 1025 1026 1027 1029 1031 1047 1049 1050 1234 1235 1317 1318 1320 1321 1322 1323 1324 1325 1326 1327 1328 1329 1330 1331 1332 1374 1375 1377 1378 1379 1380 1381 1382 1383 1402 1404 1405 1407 1414 1415 1416 1417 1418 1770 1777 1778 1779 1780 1781 1782 1783 1784 1785 1786 1787 1788 1789 1790 1791 1792 1793 1794 1795 1796 1797 1804 1805 1806 1808 1812 1813 1814 1815 1816 1817 1818 1819 1820 1821 1822 1823 1824 1840 1841 1843 2103 2104 2106 2112 2113 2114 2484 2485 2486 2487 2527 2676 2703 
== Tunnel cluster 5 ==
440 442 443 444 445 446 447 448 449 450 455 1015 1016 1017 1022 1023 1024 1025 1026 1027 1029 1376 1379 1381 1383 1397 1398 1399 1400 1401 1402 1403 1404 1405 1407 1409 1410 1411 1412 1413 1414 1415 1416 1417 1419 1420 1421 1422 1431 1433 1439 1440 1441 1442 1443 1444 1445 1446 1447 1448 1449 1450 1451 1452 1453 1454 1483 1484 1485 1486 1487 1488 1489 1491 1492 1501 1502 1503 1505 1506 1507 1508 1514 1515 1535 1644 1654 1655 1664 1665 1666 1667 1668 1669 1670 1671 1672 1674 1675 1676 1678 1680 1681 1682 1683 1684 1685 1686 1687 1688 1689 1690 1691 1692 1693 1694 1695 1698 1699 1722 1723 1732 1733 1734 1735 1736 1737 1738 1739 1740 1741 1742 1743 1748 1750 1751 1752 1753 1754 1755 1756 1757 1758 1759 1760 1761 1762 1763 1764 1765 1766 1768 1769 1770 1777 1778 1779 1780 1781 1782 1783 1784 1785 1786 1787 1788 1789 1790 1791 1792 1793 1794 1795 1800 1802 1818 2484 2485 2486 2487 2515 2525 2581 2603 2609 2634 2666 2694 2724 2778 
== Tunnel cluster 6 ==
428 429 430 431 432 433 434 435 436 437 438 439 440 441 442 443 444 445 446 447 448 449 450 451 657 658 659 660 661 662 663 685 687 688 689 776 777 786 787 788 789 790 792 793 794 795 796 797 798 799 800 801 802 803 804 824 825 826 828 829 830 831 832 833 834 1012 1014 1015 1016 1017 1018 1019 1020 1021 1022 1023 1024 1025 1026 1027 1028 1029 1030 1031 1032 1033 1034 1044 1051 1052 1055 1056 1057 1058 1404 1405 1407 1773 1774 1775 1776 1777 1778 1779 1780 1781 1782 1783 1784 1785 1786 1787 1788 1789 1790 1792 1793 1794 1797 1798 1804 1805 1806 1807 1808 1809 1810 1811 1818 1824 1825 1826 1827 1828 1829 1830 1831 1833 1834 1835 1836 1837 1844 1845 1846 1848 1849 1850 1851 1870 1871 2484 2485 2486 2487 2509 2514 2516 2569 2575 2578 2599 2626 2725 2736 2756 2820 
== Tunnel cluster 7 ==
440 442 443 444 445 446 447 448 449 450 451 452 453 455 456 457 464 1015 1016 1017 1022 1023 1024 1025 1026 1027 1029 1364 1381 1395 1398 1399 1401 1402 1403 1404 1405 1406 1407 1408 1409 1411 1436 1438 1443 1444 1445 1446 1508 1528 1529 1531 1532 1533 1534 1535 1536 1538 1542 1543 1544 1554 1555 1556 1557 1558 1559 1560 1561 1562 1563 1564 1565 1566 1567 1568 1569 1570 1571 1572 1573 1574 1575 1576 1577 1578 1579 1580 1589 1590 1752 1753 1770 1777 1778 1779 1780 1781 1782 1783 1784 1785 1786 1787 1788 1789 1790 1791 1792 1793 1794 1795 1818 2087 2088 2096 2097 2098 2104 2105 2106 2292 2294 2295 2296 2298 2299 2300 2301 2302 2303 2304 2305 2308 2309 2310 2311 2312 2313 2314 2484 2485 2486 2487 2523 2537 2559 2612 2626 2635 2642 2645 2663 2750 2774 2794 
== Tunnel cluster 8 ==
440 442 443 444 445 446 447 448 449 450 1015 1016 1017 1022 1023 1024 1025 1026 1027 1029 1031 1045 1046 1047 1048 1049 1050 1210 1211 1212 1214 1215 1216 1218 1219 1223 1233 1234 1235 1283 1284 1288 1289 1290 1291 1292 1293 1294 1295 1296 1297 1298 1299 1300 1301 1302 1303 1304 1305 1319 1320 1321 1322 1323 1324 1325 1377 1378 1379 1380 1381 1382 1383 1402 1404 1405 1407 1416 1770 1777 1778 1779 1780 1781 1782 1783 1784 1785 1786 1787 1788 1789 1790 1791 1792 1793 1794 1795 1796 1797 1804 1805 1806 1808 1812 1813 1814 1816 1817 1818 1819 1841 1843 2101 2102 2106 2107 2108 2109 2111 2112 2113 2114 2126 2127 2128 2129 2130 2131 2134 2135 2136 2137 2138 2139 2140 2141 2165 2166 2167 2484 2485 2486 2487 2505 2562 2704 
== Tunnel cluster 9 ==
424 426 428 429 430 431 432 433 434 435 436 437 438 439 440 441 442 443 444 445 446 447 448 449 450 451 657 658 659 660 661 662 663 685 687 688 689 795 796 802 803 824 825 826 827 828 829 830 831 834 835 836 837 838 839 840 841 842 843 844 845 851 860 864 865 866 868 869 870 871 872 873 876 877 878 879 1012 1014 1015 1016 1017 1018 1019 1020 1021 1022 1023 1024 1025 1026 1027 1028 1029 1030 1032 1033 1034 1035 1036 1042 1043 1051 1052 1053 1054 1055 1056 1057 1058 1059 1060 1061 1062 1065 1071 1072 1073 1074 1075 1076 1077 1078 1079 1080 1081 1082 1083 1084 1085 1086 1092 1098 1100 1101 1102 1103 1104 1105 1404 1405 1407 1777 1778 1779 1780 1781 1782 1783 1784 1785 1786 1787 1788 1789 1790 1792 1793 1794 1818 1894 2484 2485 2486 2487 2548 2626 2707 2729 
== Tunnel cluster 10 ==
3 9 10 11 13 14 15 16 19 274 275 276 428 429 430 431 432 433 434 435 436 437 438 439 440 441 442 443 444 445 446 447 448 449 450 451 657 658 659 660 661 662 663 666 667 668 685 687 688 689 726 727 728 729 730 731 732 742 743 750 751 759 766 767 768 769 770 771 772 773 774 775 776 777 778 779 780 781 782 783 784 785 786 787 788 789 790 791 792 793 794 795 796 797 798 799 800 801 803 804 813 814 815 817 818 819 820 821 822 823 824 825 826 828 829 830 831 832 833 834 1012 1014 1015 1016 1017 1018 1019 1020 1021 1022 1023 1024 1025 1026 1027 1028 1029 1030 1031 1032 1033 1034 1044 1051 1052 1055 1056 1057 1058 1404 1405 1407 1770 1772 1773 1774 1775 1776 1777 1778 1779 1780 1781 1782 1783 1784 1785 1786 1787 1788 1789 1790 1792 1793 1794 1808 1809 1810 1811 1818 2484 2485 2486 2487 2491 2514 2516 2555 2569 2624 2626 2627 2628 2629 2766 
== Tunnel cluster 11 ==
410 411 412 413 421 422 423 424 425 426 427 428 429 430 431 432 433 434 435 436 437 438 439 440 441 442 443 444 445 446 447 448 449 450 451 643 657 658 659 660 661 662 663 685 687 688 689 836 837 855 856 864 865 866 867 868 869 870 871 872 873 874 875 876 877 878 879 880 881 882 885 887 889 890 892 893 894 895 896 897 898 899 900 901 902 905 906 907 908 909 943 985 999 1004 1012 1013 1014 1015 1016 1017 1018 1019 1020 1021 1022 1023 1024 1025 1026 1027 1028 1029 1032 1033 1034 1035 1036 1037 1038 1039 1040 1041 1042 1051 1052 1053 1054 1055 1056 1057 1058 1059 1060 1061 1062 1063 1079 1080 1081 1082 1083 1084 1085 1103 1105 1107 1110 1111 1113 1133 1134 1135 1146 1147 1148 1404 1405 1407 1777 1778 1779 1780 1781 1782 1783 1784 1785 1786 1787 1788 1789 1790 1792 1793 1794 1818 2484 2485 2486 2487 2498 2626 2631 
== Tunnel cluster 12 ==
440 442 443 444 445 446 447 448 449 450 1015 1016 1017 1022 1023 1024 1025 1026 1027 1029 1362 1363 1364 1365 1366 1367 1368 1369 1370 1371 1372 1373 1374 1375 1376 1377 1378 1379 1380 1381 1382 1383 1384 1385 1386 1387 1391 1392 1393 1395 1396 1397 1398 1399 1400 1401 1402 1403 1404 1405 1406 1407 1408 1409 1410 1411 1412 1413 1414 1415 1416 1417 1419 1436 1438 1443 1444 1445 1446 1555 1556 1557 1558 1559 1560 1561 1562 1563 1564 1565 1566 1567 1569 1570 1571 1572 1573 1574 1575 1576 1577 1578 1752 1753 1770 1777 1778 1779 1780 1781 1782 1783 1784 1785 1786 1787 1788 1789 1790 1791 1792 1793 1794 1795 1816 1818 2084 2088 2090 2091 2092 2093 2094 2095 2096 2097 2098 2099 2100 2103 2104 2105 2106 2484 2485 2486 2487 2494 2537 2559 2612 2635 2642 2663 2750 2794 
== Tunnel cluster 13 ==
440 442 443 444 445 446 447 448 449 450 451 452 453 455 456 457 464 502 503 527 536 1015 1016 1017 1022 1023 1024 1025 1026 1027 1029 1381 1398 1399 1401 1402 1403 1404 1405 1406 1407 1408 1409 1411 1443 1444 1445 1446 1508 1527 1528 1529 1530 1531 1532 1533 1534 1535 1536 1537 1538 1539 1540 1541 1542 1543 1544 1545 1546 1547 1554 1555 1556 1565 1566 1567 1568 1569 1570 1571 1572 1573 1574 1575 1579 1580 1581 1582 1583 1584 1585 1586 1590 1591 1592 1593 1594 1595 1596 1597 1598 1599 1600 1601 1602 1603 1604 1605 1606 1607 1612 1631 1633 1634 1635 1657 1658 1659 1660 1661 1662 1663 1752 1753 1770 1777 1778 1779 1780 1781 1782 1783 1784 1785 1786 1787 1788 1789 1790 1791 1792 1793 1794 1795 1818 2301 2304 2305 2306 2307 2308 2309 2310 2311 2312 2313 2314 2331 2332 2333 2334 2335 2336 2337 2338 2339 2346 2348 2350 2484 2485 2486 2487 2500 2502 2518 2600 2626 2637 2645 2686 
== Tunnel cluster 14 ==
440 442 443 444 445 446 447 448 449 450 451 452 453 454 455 456 457 458 459 462 464 1015 1016 1017 1022 1023 1024 1025 1026 1027 1029 1381 1398 1399 1401 1402 1403 1404 1405 1406 1407 1408 1409 1411 1440 1443 1444 1445 1446 1487 1488 1489 1492 1501 1502 1503 1504 1505 1506 1507 1508 1509 1510 1511 1512 1513 1514 1515 1517 1518 1519 1520 1526 1527 1528 1529 1530 1531 1532 1533 1534 1535 1536 1537 1538 1539 1540 1541 1542 1543 1544 1545 1546 1547 1548 1549 1550 1551 1552 1553 1554 1580 1581 1582 1583 1586 1587 1593 1594 1598 1599 1600 1601 1602 1603 1604 1605 1606 1607 1608 1609 1610 1611 1612 1613 1614 1615 1616 1617 1618 1619 1620 1621 1622 1627 1628 1629 1630 1631 1636 1637 1638 1639 1640 1641 1642 1643 1644 1647 1649 1652 1653 1654 1655 1656 1657 1658 1659 1660 1661 1662 1664 1665 1666 1668 1669 1688 1690 1752 1753 1755 1770 1777 1778 1779 1780 1781 1782 1783 1784 1785 1786 1787 1788 1789 1790 1791 1792 1793 1794 1795 1818 2312 2313 2314 2484 2485 2486 2487 2493 2517 2525 2626 2638 2647 2749 
== Tunnel cluster 15 ==
89 440 442 443 444 445 446 447 448 449 450 451 452 453 454 455 456 457 458 459 462 464 1015 1016 1017 1022 1023 1024 1025 1026 1027 1029 1381 1398 1399 1401 1402 1403 1404 1405 1406 1407 1408 1409 1411 1440 1443 1444 1445 1446 1487 1488 1489 1492 1501 1502 1503 1504 1505 1506 1507 1508 1509 1510 1511 1512 1513 1514 1515 1516 1517 1526 1527 1528 1529 1530 1531 1532 1533 1534 1535 1536 1537 1538 1541 1542 1543 1544 1630 1637 1638 1639 1640 1641 1642 1643 1644 1645 1646 1647 1648 1649 1650 1652 1653 1654 1655 1656 1657 1658 1659 1660 1661 1662 1664 1665 1666 1667 1668 1669 1670 1671 1673 1688 1690 1752 1753 1755 1770 1777 1778 1779 1780 1781 1782 1783 1784 1785 1786 1787 1788 1789 1790 1791 1792 1793 1794 1795 1818 2312 2313 2314 2484 2485 2486 2487 2493 2525 2563 2609 2626 2666 2694 2748 2749 2778 
== Tunnel cluster 16 ==
428 429 430 431 432 433 434 435 436 437 438 439 440 441 442 443 444 445 446 447 448 449 450 451 657 658 659 660 661 662 663 685 687 688 689 776 786 787 788 789 790 793 794 795 796 797 798 799 800 801 802 803 804 805 806 808 809 810 811 812 824 825 826 828 829 830 831 832 833 834 840 1012 1014 1015 1016 1017 1018 1019 1020 1021 1022 1023 1024 1025 1026 1027 1028 1029 1030 1031 1032 1033 1034 1044 1051 1052 1055 1056 1057 1058 1404 1405 1407 1777 1778 1779 1780 1781 1782 1783 1784 1785 1786 1787 1788 1789 1790 1792 1793 1794 1805 1806 1807 1808 1809 1810 1811 1818 1827 1834 1835 1837 1844 1845 1846 1847 1848 1849 1850 1851 1854 1861 1862 1863 1864 1865 1866 1867 1868 1869 1870 1871 1872 1884 1888 1889 1892 1893 1894 1895 2484 2485 2486 2487 2509 2514 2516 2548 2568 2569 2575 2578 2586 2626 2630 2660 2664 
== Tunnel cluster 17 ==
193 194 203 204 205 206 207 208 209 210 211 212 213 214 215 219 220 221 222 223 227 228 229 230 231 232 233 234 235 236 240 241 272 278 279 288 289 290 291 292 293 294 295 296 297 303 304 305 307 308 309 310 311 416 417 420 421 422 423 424 425 426 427 428 429 430 431 432 433 434 435 436 437 438 439 440 441 442 443 444 445 446 447 448 449 450 451 635 636 638 639 640 641 642 643 644 645 646 647 648 649 650 653 654 655 656 657 658 659 660 661 662 663 664 672 673 674 685 687 688 689 707 708 827 856 858 859 860 861 862 863 864 865 868 869 870 871 885 886 889 890 891 892 911 914 915 916 917 918 919 920 999 1004 1012 1013 1014 1015 1016 1017 1018 1019 1020 1021 1022 1023 1024 1025 1026 1027 1028 1029 1032 1033 1034 1035 1036 1037 1038 1039 1040 1041 1042 1051 1052 1053 1054 1055 1056 1057 1058 1059 1060 1061 1063 1083 1084 1404 1405 1407 1777 1778 1779 1780 1781 1782 1783 1784 1785 1786 1787 1788 1789 1790 1792 1793 1794 1818 2484 2485 2486 2487 2490 2491 2498 2539 2623 2626 2741 2775 
== Tunnel cluster 18 ==
411 413 421 422 423 424 425 426 427 428 429 430 431 432 433 434 435 436 437 438 439 440 441 442 443 444 445 446 447 448 449 450 451 657 658 659 660 661 662 663 685 687 688 689 865 868 869 870 871 900 965 966 967 968 970 972 973 974 979 980 981 982 983 984 985 986 999 1004 1012 1013 1014 1015 1016 1017 1018 1019 1020 1021 1022 1023 1024 1025 1026 1027 1028 1029 1032 1033 1034 1035 1036 1037 1038 1039 1040 1041 1042 1051 1052 1053 1054 1055 1056 1057 1058 1059 1060 1061 1062 1063 1064 1065 1071 1073 1078 1079 1080 1081 1082 1083 1084 1085 1086 1087 1088 1090 1091 1092 1117 1129 1138 1139 1140 1141 1142 1143 1144 1145 1146 1147 1148 1149 1150 1151 1152 1153 1154 1158 1159 1160 1161 1162 1163 1169 1170 1171 1173 1174 1175 1176 1404 1405 1407 1777 1778 1779 1780 1781 1782 1783 1784 1785 1786 1787 1788 1789 1790 1792 1793 1794 1818 1946 1947 1955 1957 1958 1959 1960 1961 1992 1994 1996 1997 1998 1999 2000 2001 2002 2003 2004 2009 2010 2011 2012 2013 2484 2485 2486 2487 2498 2583 2626 2679 2726 2759 
== Tunnel cluster 19 ==
355 368 369 373 382 383 388 389 390 391 392 393 394 395 396 397 398 406 407 408 409 410 411 412 413 421 422 423 424 425 426 427 428 429 430 431 432 433 434 435 436 437 438 439 440 441 442 443 444 445 446 447 448 449 450 451 608 609 610 611 612 613 614 615 616 617 625 626 627 628 629 630 631 632 642 643 644 657 658 659 660 661 662 663 685 687 688 689 855 856 864 865 866 867 868 869 870 871 872 873 874 885 886 887 888 889 890 891 892 893 894 895 896 897 898 899 900 924 927 931 932 937 938 939 940 941 942 943 944 945 946 947 948 958 964 965 966 968 969 970 971 972 974 975 985 999 1004 1012 1013 1014 1015 1016 1017 1018 1019 1020 1021 1022 1023 1024 1025 1026 1027 1028 1029 1032 1033 1034 1035 1036 1037 1038 1039 1040 1041 1042 1051 1052 1053 1054 1055 1056 1057 1058 1059 1060 1061 1062 1063 1082 1083 1084 1085 1147 1148 1404 1405 1407 1777 1778 1779 1780 1781 1782 1783 1784 1785 1786 1787 1788 1789 1790 1792 1793 1794 1818 2484 2485 2486 2487 2498 2521 2594 2626 2632 2771 2811 
== Tunnel cluster 20 ==
428 429 430 431 432 433 434 435 436 437 438 439 440 441 442 443 444 445 446 447 448 449 450 451 657 658 659 660 661 662 663 685 687 688 689 776 786 787 788 789 790 793 794 795 796 797 798 799 800 801 802 803 804 824 825 826 828 829 830 831 832 833 834 1012 1014 1015 1016 1017 1018 1019 1020 1021 1022 1023 1024 1025 1026 1027 1028 1029 1030 1031 1032 1033 1034 1041 1042 1043 1044 1045 1047 1051 1052 1055 1056 1057 1058 1228 1229 1230 1231 1232 1233 1234 1235 1236 1237 1238 1239 1240 1241 1242 1243 1244 1245 1246 1247 1248 1249 1250 1251 1256 1257 1309 1404 1405 1407 1777 1778 1779 1780 1781 1782 1783 1784 1785 1786 1787 1788 1789 1790 1792 1793 1794 1805 1806 1807 1808 1809 1810 1811 1812 1813 1814 1815 1818 1826 1827 1833 1834 1835 1836 1837 1838 1839 1840 1841 1842 1843 1844 1847 1867 1868 1869 1870 1871 1872 1873 1874 1875 1876 1877 1878 1879 1900 1901 2484 2485 2486 2487 2496 2509 2514 2516 2561 2567 2569 2597 2608 2626 2695 2786 2817 2818 
== Tunnel cluster 21 ==
440 442 443 444 445 446 447 448 449 450 1011 1015 1016 1017 1022 1023 1024 1025 1026 1027 1029 1031 1045 1046 1047 1048 1049 1050 1192 1195 1201 1202 1203 1204 1205 1206 1207 1208 1209 1210 1211 1212 1213 1214 1215 1216 1217 1218 1219 1220 1233 1234 1235 1273 1276 1277 1278 1279 1280 1288 1289 1292 1294 1295 1296 1297 1298 1299 1300 1301 1302 1303 1320 1321 1322 1323 1324 1325 1377 1378 1379 1380 1381 1382 1383 1402 1404 1405 1407 1416 1770 1777 1778 1779 1780 1781 1782 1783 1784 1785 1786 1787 1788 1789 1790 1791 1792 1793 1794 1795 1796 1797 1804 1805 1806 1808 1812 1813 1814 1816 1817 1818 1819 1841 1843 2047 2101 2102 2106 2107 2108 2109 2110 2111 2112 2113 2114 2115 2116 2117 2118 2129 2134 2135 2136 2137 2138 2139 2140 2141 2142 2143 2144 2145 2146 2147 2148 2149 2150 2151 2152 2161 2162 2163 2164 2165 2166 2167 2168 2169 2170 2171 2172 2173 2174 2175 2176 2189 2190 2191 2194 2195 2196 2197 2484 2485 2486 2487 2519 2551 2562 
== Tunnel cluster 22 ==
10 11 13 14 15 18 24 25 26 27 28 29 30 31 32 33 34 35 37 38 39 40 41 42 44 45 47 252 254 268 270 271 273 274 275 276 277 280 428 429 430 431 432 433 434 435 436 437 438 439 440 441 442 443 444 445 446 447 448 449 450 451 657 658 659 660 661 662 663 664 665 666 667 668 669 670 671 672 673 674 675 676 685 687 688 689 705 706 709 710 711 712 713 714 715 716 717 718 719 720 721 722 726 727 728 729 730 731 732 742 743 750 751 759 766 767 768 769 770 771 772 773 774 775 776 777 778 779 780 781 782 783 784 785 786 787 788 789 790 791 792 793 794 795 796 797 798 799 800 801 803 804 813 814 815 817 818 819 820 821 822 823 824 825 826 828 829 830 831 832 833 834 1012 1014 1015 1016 1017 1018 1019 1020 1021 1022 1023 1024 1025 1026 1027 1028 1029 1030 1031 1032 1033 1034 1044 1051 1052 1055 1056 1057 1058 1404 1405 1407 1770 1772 1773 1774 1775 1776 1777 1778 1779 1780 1781 1782 1783 1784 1785 1786 1787 1788 1789 1790 1792 1793 1794 1808 1809 1810 1811 1818 2484 2485 2486 2487 2491 2514 2516 2552 2555 2569 2610 2624 2626 2627 2628 2655 2670 2684 2693 2766 2770 2790 2813 
== Tunnel cluster 23 ==
428 429 430 431 432 433 434 435 436 437 438 439 440 441 442 443 444 445 446 447 448 449 450 451 657 658 659 660 661 662 663 685 687 688 689 729 734 735 736 737 740 741 742 743 744 746 748 749 750 751 752 753 754 755 756 757 768 769 774 775 776 777 778 779 780 781 782 783 784 785 786 787 788 789 790 791 792 793 794 795 796 797 798 799 800 801 803 804 813 815 817 818 820 824 825 826 828 829 830 831 832 833 834 1012 1014 1015 1016 1017 1018 1019 1020 1021 1022 1023 1024 1025 1026 1027 1028 1029 1030 1031 1032 1033 1034 1044 1051 1052 1055 1056 1057 1058 1404 1405 1407 1733 1734 1735 1741 1742 1743 1744 1745 1746 1747 1748 1749 1750 1751 1752 1753 1757 1758 1759 1760 1761 1762 1763 1764 1765 1766 1767 1768 1769 1770 1771 1772 1773 1774 1775 1776 1777 1778 1779 1780 1781 1782 1783 1784 1785 1786 1787 1788 1789 1790 1792 1793 1794 1801 1802 1803 1808 1809 1810 1811 1818 2484 2485 2486 2487 2507 2514 2516 2569 2590 2603 2614 2615 2626 2650 2671 2810 
== Tunnel cluster 24 ==
424 426 428 429 430 431 432 433 434 435 436 437 438 439 440 441 442 443 444 445 446 447 448 449 450 451 657 658 659 660 661 662 663 685 687 688 689 795 796 798 799 800 801 802 803 824 825 826 827 828 829 830 831 834 835 836 837 838 839 840 841 842 843 845 860 864 865 868 869 870 871 1012 1014 1015 1016 1017 1018 1019 1020 1021 1022 1023 1024 1025 1026 1027 1028 1029 1030 1032 1033 1034 1035 1036 1037 1038 1039 1040 1041 1042 1043 1044 1051 1052 1053 1054 1055 1056 1057 1058 1059 1060 1061 1062 1063 1064 1065 1066 1067 1068 1069 1070 1071 1072 1073 1074 1075 1076 1077 1078 1083 1084 1085 1192 1215 1216 1217 1220 1221 1224 1225 1226 1227 1302 1404 1405 1407 1777 1778 1779 1780 1781 1782 1783 1784 1785 1786 1787 1788 1789 1790 1792 1793 1794 1818 1891 1894 1897 1898 1899 1900 1901 1918 1919 1920 1921 1922 1923 1924 1925 1926 1927 1928 1929 1930 1931 1932 1933 1934 1937 1939 1948 1949 1950 1951 1952 1953 1954 1955 1956 1957 1958 1959 1961 1962 1963 1964 1965 1966 1967 1968 1969 1970 2169 2170 2171 2173 2174 2175 2186 2187 2188 2189 2190 2191 2192 2193 2194 2195 2196 2197 2198 2199 2200 2202 2203 2205 2484 2485 2486 2487 2501 2511 2519 2530 2551 2561 2626 2680 
== Tunnel cluster 25 ==
440 442 443 444 445 446 447 448 449 450 451 452 453 455 456 457 464 502 503 536 1015 1016 1017 1022 1023 1024 1025 1026 1027 1029 1381 1398 1399 1401 1402 1403 1404 1405 1406 1407 1408 1409 1411 1443 1444 1445 1446 1508 1527 1528 1529 1530 1531 1532 1533 1534 1535 1536 1537 1538 1539 1540 1541 1542 1543 1544 1545 1546 1547 1554 1555 1556 1565 1566 1567 1568 1569 1570 1571 1572 1573 1574 1575 1579 1580 1581 1582 1583 1584 1585 1586 1590 1591 1592 1593 1594 1595 1596 1597 1598 1599 1600 1602 1603 1604 1605 1634 1657 1658 1659 1660 1661 1662 1663 1752 1753 1770 1777 1778 1779 1780 1781 1782 1783 1784 1785 1786 1787 1788 1789 1790 1791 1792 1793 1794 1795 1818 2055 2056 2061 2062 2264 2265 2266 2267 2268 2269 2270 2271 2279 2285 2286 2287 2288 2289 2290 2291 2292 2293 2301 2304 2305 2306 2307 2308 2309 2310 2311 2312 2313 2314 2315 2316 2317 2318 2319 2320 2321 2322 2323 2324 2325 2326 2331 2332 2333 2334 2335 2336 2337 2338 2339 2340 2341 2342 2343 2344 2345 2346 2347 2348 2349 2350 2351 2352 2364 2365 2366 2368 2369 2370 2371 2372 2373 2379 2484 2485 2486 2487 2500 2502 2533 2600 2626 2637 2644 2645 2686 
== Tunnel cluster 26 ==
130 135 136 440 442 443 444 445 446 447 448 449 450 451 452 453 455 456 457 462 464 487 488 496 497 498 499 500 501 502 503 504 505 506 507 508 517 518 519 520 521 522 523 524 525 526 527 528 529 530 532 533 534 535 536 537 1015 1016 1017 1022 1023 1024 1025 1026 1027 1029 1381 1398 1399 1401 1402 1403 1404 1405 1406 1407 1408 1409 1411 1443 1444 1445 1446 1508 1527 1528 1529 1530 1531 1532 1533 1534 1535 1536 1537 1538 1539 1540 1541 1542 1543 1544 1545 1546 1547 1554 1555 1556 1565 1566 1567 1568 1569 1570 1571 1572 1573 1574 1575 1579 1580 1581 1582 1583 1602 1603 1604 1605 1631 1632 1633 1634 1635 1657 1658 1659 1660 1661 1662 1663 1752 1753 1770 1777 1778 1779 1780 1781 1782 1783 1784 1785 1786 1787 1788 1789 1790 1791 1792 1793 1794 1795 1818 2296 2301 2304 2305 2306 2307 2308 2309 2310 2311 2312 2313 2314 2315 2316 2317 2318 2322 2323 2324 2325 2326 2327 2328 2329 2331 2332 2333 2334 2335 2336 2337 2338 2339 2340 2351 2352 2484 2485 2486 2487 2488 2500 2502 2518 2529 2532 2572 2600 2626 2645 2649 2675 2705 2760 
== Tunnel cluster 27 ==
440 442 443 444 445 446 447 448 449 450 1011 1015 1016 1017 1022 1023 1024 1025 1026 1027 1029 1031 1045 1046 1047 1048 1049 1050 1187 1188 1189 1190 1191 1192 1195 1196 1201 1202 1203 1204 1205 1206 1207 1208 1209 1210 1211 1212 1213 1214 1215 1216 1217 1218 1219 1220 1233 1234 1235 1294 1295 1296 1299 1301 1303 1320 1321 1322 1323 1324 1325 1377 1378 1379 1380 1381 1382 1383 1402 1404 1405 1407 1416 1770 1777 1778 1779 1780 1781 1782 1783 1784 1785 1786 1787 1788 1789 1790 1791 1792 1793 1794 1795 1796 1797 1804 1805 1806 1808 1812 1813 1814 1816 1817 1818 1819 1841 1843 2028 2040 2041 2042 2043 2044 2045 2046 2047 2058 2060 2101 2102 2106 2107 2108 2109 2110 2111 2112 2113 2114 2115 2116 2117 2118 2134 2135 2136 2137 2138 2139 2140 2141 2142 2143 2144 2145 2146 2147 2148 2149 2150 2151 2152 2153 2154 2155 2156 2157 2158 2159 2160 2161 2163 2167 2168 2169 2170 2171 2172 2173 2174 2175 2176 2177 2178 2179 2180 2181 2182 2183 2184 2185 2190 2198 2199 2200 2201 2202 2203 2204 2205 2219 2220 2221 2222 2223 2224 2225 2226 2227 2229 2230 2231 2232 2233 2234 2235 2236 2240 2241 2242 2244 2245 2246 2484 2485 2486 2487 2508 2520 2667 
== Tunnel cluster 28 ==
424 426 428 429 430 431 432 433 434 435 436 437 438 439 440 441 442 443 444 445 446 447 448 449 450 451 657 658 659 660 661 662 663 685 687 688 689 795 796 797 798 799 800 801 802 803 824 825 826 827 828 829 830 831 834 835 836 837 838 839 840 841 842 843 844 845 860 864 865 868 869 870 871 1012 1014 1015 1016 1017 1018 1019 1020 1021 1022 1023 1024 1025 1026 1027 1028 1029 1030 1032 1033 1034 1035 1036 1041 1042 1043 1051 1052 1053 1054 1055 1056 1057 1058 1059 1060 1061 1065 1071 1072 1073 1074 1075 1076 1077 1078 1083 1084 1085 1100 1220 1221 1222 1223 1224 1225 1226 1227 1228 1229 1230 1231 1232 1236 1237 1238 1240 1241 1242 1243 1249 1266 1267 1268 1269 1270 1271 1277 1278 1280 1300 1302 1404 1405 1407 1777 1778 1779 1780 1781 1782 1783 1784 1785 1786 1787 1788 1789 1790 1792 1793 1794 1818 1864 1867 1868 1869 1870 1871 1875 1882 1888 1889 1890 1891 1892 1893 1894 1895 1896 1897 1898 1899 1900 1901 1902 1903 1904 1905 1906 1907 1908 1909 1918 1919 1920 1922 1923 1924 1925 1927 1928 1929 1930 1931 2484 2485 2486 2487 2511 2561 2571 2626 2633 2662 2680 2687 2747 2792 2819 
== Tunnel cluster 29 ==
72 73 79 80 81 82 83 87 88 89 90 91 92 93 94 95 96 97 98 99 100 101 102 103 104 105 107 108 109 110 111 112 113 114 115 116 117 118 119 120 121 122 123 440 442 443 444 445 446 447 448 449 450 451 452 453 455 456 457 464 465 470 471 472 473 474 475 476 477 478 485 486 487 488 489 490 491 492 493 494 495 496 497 502 503 523 524 525 526 527 1015 1016 1017 1022 1023 1024 1025 1026 1027 1029 1381 1398 1399 1401 1402 1403 1404 1405 1406 1407 1408 1409 1411 1443 1444 1445 1446 1508 1527 1528 1529 1530 1531 1532 1533 1534 1535 1536 1537 1538 1539 1540 1541 1542 1543 1544 1545 1546 1547 1554 1555 1556 1565 1566 1567 1568 1569 1570 1571 1572 1573 1574 1575 1579 1580 1581 1582 1583 1599 1602 1603 1604 1605 1624 1625 1627 1628 1629 1630 1631 1632 1633 1634 1635 1636 1637 1638 1639 1641 1643 1644 1645 1646 1647 1648 1649 1650 1651 1652 1653 1654 1655 1656 1657 1658 1659 1660 1661 1662 1663 1664 1669 1670 1671 1672 1673 1674 1675 1678 1679 1680 1752 1753 1770 1777 1778 1779 1780 1781 1782 1783 1784 1785 1786 1787 1788 1789 1790 1791 1792 1793 1794 1795 1818 2301 2304 2305 2306 2307 2308 2309 2310 2311 2312 2313 2314 2331 2332 2335 2336 2337 2338 2339 2480 2481 2482 2483 2484 2485 2486 2487 2493 2500 2502 2529 2563 2566 2570 2600 2626 2645 2666 2685 2784 
== Tunnel cluster 30 ==
440 442 443 444 445 446 447 448 449 450 996 997 1001 1002 1003 1004 1005 1006 1007 1008 1009 1010 1011 1012 1014 1015 1016 1017 1022 1023 1024 1025 1026 1027 1029 1031 1045 1046 1047 1048 1049 1050 1187 1188 1193 1194 1195 1196 1197 1198 1199 1200 1201 1202 1203 1204 1205 1206 1207 1208 1209 1210 1213 1219 1233 1234 1235 1320 1321 1322 1323 1324 1325 1332 1377 1378 1379 1380 1381 1382 1383 1402 1403 1404 1405 1407 1409 1416 1770 1777 1778 1779 1780 1781 1782 1783 1784 1785 1786 1787 1788 1789 1790 1791 1792 1793 1794 1795 1796 1797 1804 1805 1806 1808 1812 1813 1814 1816 1817 1818 1819 1843 2038 2039 2042 2043 2048 2049 2050 2051 2052 2053 2054 2055 2056 2057 2058 2059 2061 2062 2063 2064 2065 2086 2087 2088 2089 2092 2099 2100 2101 2102 2103 2104 2105 2106 2107 2108 2109 2110 2111 2112 2113 2114 2115 2147 2148 2242 2247 2248 2249 2250 2251 2252 2253 2254 2255 2256 2257 2258 2259 2260 2264 2265 2266 2267 2268 2269 2270 2271 2272 2289 2292 2293 2294 2295 2296 2297 2298 2299 2300 2301 2302 2303 2304 2305 2306 2315 2316 2317 2318 2319 2320 2321 2322 2328 2329 2330 2369 2370 2371 2372 2374 2377 2378 2379 2484 2485 2486 2487 2564 2626 2682 2731 2777 
== Tunnel cluster 31 ==
440 442 443 444 445 446 447 448 449 450 1011 1015 1016 1017 1022 1023 1024 1025 1026 1027 1029 1031 1045 1046 1047 1048 1049 1050 1171 1172 1173 1174 1175 1176 1178 1179 1185 1186 1187 1188 1189 1190 1191 1192 1195 1196 1201 1202 1203 1204 1205 1206 1207 1208 1209 1210 1211 1212 1213 1214 1215 1216 1217 1218 1219 1220 1233 1234 1235 1294 1295 1296 1299 1301 1303 1320 1321 1322 1323 1324 1325 1377 1378 1379 1380 1381 1382 1383 1402 1404 1405 1407 1416 1770 1777 1778 1779 1780 1781 1782 1783 1784 1785 1786 1787 1788 1789 1790 1791 1792 1793 1794 1795 1796 1797 1804 1805 1806 1808 1812 1813 1814 1816 1817 1818 1819 1841 1843 2022 2023 2024 2025 2026 2027 2028 2029 2030 2031 2032 2033 2034 2035 2036 2037 2038 2039 2040 2041 2042 2043 2044 2045 2046 2047 2048 2101 2102 2106 2107 2108 2109 2110 2111 2112 2113 2114 2115 2116 2117 2118 2134 2135 2136 2137 2138 2139 2140 2141 2142 2143 2144 2145 2146 2147 2148 2149 2161 2163 2167 2168 2169 2170 2171 2172 2173 2174 2175 2176 2177 2178 2179 2180 2181 2199 2202 2203 2204 2205 2217 2218 2219 2220 2221 2222 2223 2224 2225 2226 2227 2228 2229 2230 2231 2232 2233 2234 2235 2236 2237 2238 2240 2241 2242 2243 2247 2248 2251 2428 2429 2431 2432 2433 2434 2435 2436 2445 2459 2461 2484 2485 2486 2487 2508 2577 2584 2646 2718 2738 
== Tunnel cluster 32 ==
440 442 443 444 445 446 447 448 449 450 1015 1016 1017 1022 1023 1024 1025 1026 1027 1029 1031 1045 1046 1047 1048 1049 1050 1211 1214 1215 1216 1217 1218 1219 1220 1221 1222 1223 1224 1228 1229 1230 1231 1232 1233 1234 1235 1236 1237 1238 1239 1240 1241 1242 1243 1244 1245 1246 1247 1248 1249 1250 1251 1252 1253 1254 1258 1259 1260 1261 1265 1266 1267 1268 1269 1270 1271 1272 1273 1274 1275 1276 1277 1278 1279 1280 1281 1282 1283 1287 1288 1290 1291 1293 1294 1295 1296 1297 1298 1299 1300 1301 1302 1303 1304 1305 1308 1309 1320 1321 1322 1323 1324 1325 1377 1378 1379 1380 1381 1382 1383 1402 1404 1405 1407 1416 1770 1777 1778 1779 1780 1781 1782 1783 1784 1785 1786 1787 1788 1789 1790 1791 1792 1793 1794 1795 1796 1797 1804 1805 1806 1808 1812 1813 1814 1816 1817 1818 1819 1839 1840 1841 1842 1843 1898 1899 1902 1903 1904 1905 1906 1907 1908 1909 1923 1924 1925 1927 1928 1929 1930 1931 2106 2111 2112 2113 2114 2139 2140 2196 2484 2485 2486 2487 2496 2511 2571 2633 2680 2687 2747 2792 2819 
== Tunnel cluster 33 ==
385 387 400 401 402 403 404 405 440 442 443 444 445 446 447 448 449 450 542 543 544 572 573 574 575 576 577 596 597 976 977 978 992 993 996 997 1001 1002 1003 1004 1005 1006 1007 1008 1009 1010 1011 1012 1014 1015 1016 1017 1022 1023 1024 1025 1026 1027 1029 1031 1045 1046 1047 1048 1049 1050 1164 1165 1166 1167 1168 1178 1179 1180 1181 1182 1183 1184 1185 1186 1187 1188 1189 1191 1193 1194 1195 1196 1197 1198 1199 1200 1201 1202 1203 1204 1205 1206 1207 1208 1209 1210 1213 1219 1233 1234 1235 1320 1321 1322 1323 1324 1325 1332 1377 1378 1379 1380 1381 1382 1383 1402 1403 1404 1405 1407 1409 1416 1770 1777 1778 1779 1780 1781 1782 1783 1784 1785 1786 1787 1788 1789 1790 1791 1792 1793 1794 1795 1796 1797 1804 1805 1806 1808 1812 1813 1814 1816 1817 1818 1819 1843 2021 2030 2031 2032 2033 2034 2035 2036 2037 2038 2039 2040 2041 2042 2043 2044 2045 2048 2049 2050 2051 2052 2053 2054 2055 2056 2057 2061 2062 2086 2087 2088 2089 2092 2099 2100 2101 2102 2103 2104 2105 2106 2107 2108 2109 2110 2111 2112 2113 2114 2115 2148 2269 2271 2292 2293 2294 2295 2296 2297 2298 2299 2300 2301 2302 2303 2304 2305 2306 2315 2316 2317 2318 2319 2320 2321 2322 2328 2329 2330 2354 2373 2374 2375 2376 2377 2378 2379 2380 2381 2382 2383 2384 2385 2386 2387 2388 2398 2405 2406 2407 2408 2409 2410 2411 2412 2413 2414 2415 2416 2417 2418 2419 2420 2429 2437 2438 2439 2440 2441 2442 2443 2444 2445 2446 2447 2448 2449 2450 2452 2474 2475 2476 2477 2484 2485 2486 2487 2512 2626 2734 2764 2812 2814 2815 
== Tunnel cluster 34 ==
411 413 421 422 423 424 425 426 427 428 429 430 431 432 433 434 435 436 437 438 439 440 441 442 443 444 445 446 447 448 449 450 451 657 658 659 660 661 662 663 685 687 688 689 865 868 869 870 871 980 981 982 983 984 985 986 987 988 989 990 994 995 996 997 998 999 1000 1004 1012 1013 1014 1015 1016 1017 1018 1019 1020 1021 1022 1023 1024 1025 1026 1027 1028 1029 1032 1033 1034 1035 1036 1037 1038 1039 1040 1041 1042 1051 1052 1053 1054 1055 1056 1057 1058 1059 1060 1061 1062 1063 1064 1065 1066 1067 1068 1069 1070 1071 1078 1079 1082 1083 1084 1085 1091 1092 1147 1148 1170 1171 1173 1174 1175 1176 1177 1178 1179 1180 1185 1186 1187 1189 1190 1191 1192 1193 1404 1405 1407 1777 1778 1779 1780 1781 1782 1783 1784 1785 1786 1787 1788 1789 1790 1792 1793 1794 1818 1939 1940 1944 1946 1948 1949 1950 1951 1952 1953 1954 1955 1956 1957 1958 1959 1960 1961 1962 1963 1964 1965 1981 1982 1987 1988 1989 1990 1991 1992 1993 1994 1995 1996 1997 1998 2001 2002 2003 2004 2005 2006 2007 2008 2009 2012 2027 2028 2173 2174 2175 2192 2193 2198 2199 2200 2201 2202 2203 2204 2205 2206 2207 2208 2209 2210 2211 2212 2213 2214 2215 2216 2217 2218 2484 2485 2486 2487 2498 2576 2618 2626 2769 2808 
== Tunnel cluster 35 ==
317 318 323 324 325 326 327 328 329 330 331 332 333 334 335 340 341 342 343 344 345 346 347 348 349 350 351 352 353 354 355 356 358 359 360 361 366 367 368 369 370 371 372 383 388 389 390 391 392 393 394 395 396 397 398 399 406 407 408 409 410 411 412 413 414 421 422 423 424 425 426 427 428 429 430 431 432 433 434 435 436 437 438 439 440 441 442 443 444 445 446 447 448 449 450 451 581 598 599 600 601 602 603 604 605 606 607 608 609 610 611 612 613 614 615 616 617 618 619 620 621 622 623 624 625 626 627 628 629 630 631 632 633 642 643 644 657 658 659 660 661 662 663 685 687 688 689 855 856 864 865 866 867 868 869 870 871 872 873 874 885 886 887 888 889 890 891 892 893 894 895 896 897 898 899 900 927 937 938 939 940 941 942 943 944 945 947 948 958 964 965 966 968 969 970 971 972 974 975 985 999 1004 1012 1013 1014 1015 1016 1017 1018 1019 1020 1021 1022 1023 1024 1025 1026 1027 1028 1029 1032 1033 1034 1035 1036 1037 1038 1039 1040 1041 1042 1051 1052 1053 1054 1055 1056 1057 1058 1059 1060 1061 1062 1063 1082 1083 1084 1085 1147 1148 1404 1405 1407 1777 1778 1779 1780 1781 1782 1783 1784 1785 1786 1787 1788 1789 1790 1792 1793 1794 1818 2484 2485 2486 2487 2498 2499 2587 2588 2598 2620 2626 2755 2806 
== Tunnel cluster 36 ==
163 164 165 166 167 169 315 316 317 318 319 320 321 322 323 324 325 326 327 331 332 333 334 335 336 337 338 339 340 341 342 343 344 398 408 414 415 416 417 418 419 420 422 423 428 429 430 432 433 434 435 436 438 439 440 441 442 443 444 445 446 447 448 449 450 451 452 453 455 456 457 458 459 460 461 462 463 464 465 466 467 468 469 470 471 472 473 479 480 481 482 483 484 485 486 487 488 489 490 492 497 498 499 500 501 502 503 504 505 506 507 508 509 510 511 512 513 514 515 516 517 526 539 541 545 546 547 548 549 550 551 552 553 554 555 556 568 569 571 574 576 578 579 580 581 582 583 605 609 618 619 620 621 622 623 624 625 626 627 628 629 633 634 635 636 637 638 641 1015 1016 1017 1022 1023 1024 1025 1026 1027 1029 1381 1398 1399 1401 1402 1403 1404 1405 1406 1407 1408 1409 1411 1443 1444 1445 1446 1508 1527 1528 1529 1530 1531 1532 1533 1534 1535 1536 1537 1538 1539 1540 1541 1542 1543 1544 1545 1546 1547 1554 1555 1556 1565 1566 1567 1568 1569 1570 1571 1572 1573 1574 1575 1579 1580 1581 1582 1583 1602 1603 1604 1605 1657 1658 1659 1660 1661 1662 1663 1752 1753 1770 1777 1778 1779 1780 1781 1782 1783 1784 1785 1786 1787 1788 1789 1790 1791 1792 1793 1794 1795 1818 2301 2304 2305 2306 2307 2308 2309 2310 2311 2312 2313 2314 2324 2327 2328 2329 2330 2331 2332 2335 2336 2337 2338 2339 2484 2485 2486 2487 2490 2492 2500 2540 2547 2560 2598 2600 2602 2626 2645 2739 
== Tunnel cluster 37 ==
440 442 443 444 445 446 447 448 449 450 451 452 453 455 456 457 462 464 487 488 497 498 499 500 501 502 503 504 505 506 507 508 517 518 519 521 522 523 524 525 526 527 528 529 530 531 532 533 534 535 536 537 538 539 540 541 542 543 544 545 546 547 548 553 554 555 559 560 561 562 563 564 565 566 567 568 569 571 572 573 574 575 576 577 578 593 596 1015 1016 1017 1022 1023 1024 1025 1026 1027 1029 1381 1398 1399 1401 1402 1403 1404 1405 1406 1407 1408 1409 1411 1443 1444 1445 1446 1508 1527 1528 1529 1530 1531 1532 1533 1534 1535 1536 1537 1538 1539 1540 1541 1542 1543 1544 1545 1546 1547 1554 1555 1556 1565 1566 1567 1568 1569 1570 1571 1572 1573 1574 1575 1579 1580 1581 1582 1583 1602 1603 1604 1605 1657 1658 1659 1660 1661 1662 1663 1752 1753 1770 1777 1778 1779 1780 1781 1782 1783 1784 1785 1786 1787 1788 1789 1790 1791 1792 1793 1794 1795 1818 2296 2301 2304 2305 2306 2307 2308 2309 2310 2311 2312 2313 2314 2315 2316 2317 2318 2322 2323 2324 2325 2326 2327 2328 2329 2331 2332 2333 2334 2335 2336 2337 2338 2339 2340 2341 2342 2343 2344 2351 2352 2353 2354 2355 2356 2357 2358 2359 2360 2361 2364 2373 2375 2376 2380 2381 2382 2383 2384 2385 2386 2387 2388 2389 2390 2391 2392 2393 2394 2396 2409 2410 2411 2412 2414 2415 2416 2417 2418 2484 2485 2486 2487 2488 2500 2502 2534 2553 2572 2574 2600 2626 2644 2645 2649 2697 2705 2768 2798 2801 2814 
== Tunnel cluster 38 ==
10 11 13 14 15 24 25 26 27 28 29 30 31 32 33 34 37 38 39 40 41 42 43 44 45 46 47 48 49 50 51 52 53 55 56 57 58 59 61 62 63 64 65 66 67 68 69 70 97 99 195 196 197 198 199 200 201 202 252 254 268 270 271 273 274 275 276 277 280 283 284 285 286 287 428 429 430 431 432 433 434 435 436 437 438 439 440 441 442 443 444 445 446 447 448 449 450 451 657 658 659 660 661 662 663 664 665 666 667 668 669 670 671 672 673 674 675 676 685 687 688 689 695 696 697 698 700 703 704 705 706 709 710 711 712 713 714 715 716 717 718 719 720 721 722 723 725 726 727 728 729 730 731 732 742 743 750 751 759 766 767 768 769 770 771 772 773 774 775 776 777 778 779 780 781 782 783 784 785 786 787 788 789 790 791 792 793 794 795 796 797 798 799 800 801 803 804 813 814 815 817 818 819 820 821 822 823 824 825 826 828 829 830 831 832 833 834 1012 1014 1015 1016 1017 1018 1019 1020 1021 1022 1023 1024 1025 1026 1027 1028 1029 1030 1031 1032 1033 1034 1044 1051 1052 1055 1056 1057 1058 1404 1405 1407 1770 1772 1773 1774 1775 1776 1777 1778 1779 1780 1781 1782 1783 1784 1785 1786 1787 1788 1789 1790 1792 1793 1794 1808 1809 1810 1811 1818 2484 2485 2486 2487 2491 2497 2514 2516 2528 2531 2541 2552 2555 2569 2589 2592 2610 2621 2624 2626 2627 2628 2684 2693 2696 2709 2735 2757 2766 
